{
  "nbformat": 4,
  "nbformat_minor": 0,
  "metadata": {
    "colab": {
      "provenance": []
    },
    "kernelspec": {
      "name": "python3",
      "display_name": "Python 3"
    },
    "language_info": {
      "name": "python"
    }
  },
  "cells": [
    {
      "cell_type": "markdown",
      "source": [
        "# Grafica de punto de ensilladura"
      ],
      "metadata": {
        "id": "Iz6YnsRqo61f"
      }
    },
    {
      "cell_type": "code",
      "source": [
        "import plotly.graph_objects as go\n",
        "import pandas as pd\n",
        "import numpy as np\n",
        "\n",
        "x1, x2 = np.linspace(-0.2, 0.2, 100), np.linspace(-0.2, 0.2, 100)\n",
        "f = lambda x1,x2: x1**2-x2**2\n",
        "x1v, x2v = np.meshgrid(x1,x2)\n",
        "z = f(x1v,x2v)\n",
        "fig = go.Figure(data=[go.Surface(z=z, x=x1, y=x2)])\n",
        "fig.update_layout(title='Saddle Point', autosize=False,\n",
        "                  width=500, height=500,\n",
        "                  margin=dict(l=65, r=50, b=65, t=90))\n",
        "fig.show()"
      ],
      "metadata": {
        "colab": {
          "base_uri": "https://localhost:8080/",
          "height": 517
        },
        "id": "kp1vT74xx6Fx",
        "outputId": "bd7fd9cf-d925-41b8-8853-2c0978918735"
      },
      "execution_count": null,
      "outputs": [
        {
          "output_type": "display_data",
          "data": {
            "text/html": [
              "<html>\n",
              "<head><meta charset=\"utf-8\" /></head>\n",
              "<body>\n",
              "    <div>            <script src=\"https://cdnjs.cloudflare.com/ajax/libs/mathjax/2.7.5/MathJax.js?config=TeX-AMS-MML_SVG\"></script><script type=\"text/javascript\">if (window.MathJax) {MathJax.Hub.Config({SVG: {font: \"STIX-Web\"}});}</script>                <script type=\"text/javascript\">window.PlotlyConfig = {MathJaxConfig: 'local'};</script>\n",
              "        <script src=\"https://cdn.plot.ly/plotly-2.8.3.min.js\"></script>                <div id=\"06686ea2-eb0c-41d7-b926-b71b936f21de\" class=\"plotly-graph-div\" style=\"height:500px; width:500px;\"></div>            <script type=\"text/javascript\">                                    window.PLOTLYENV=window.PLOTLYENV || {};                                    if (document.getElementById(\"06686ea2-eb0c-41d7-b926-b71b936f21de\")) {                    Plotly.newPlot(                        \"06686ea2-eb0c-41d7-b926-b71b936f21de\",                        [{\"x\":[-0.2,-0.19595959595959597,-0.19191919191919193,-0.1878787878787879,-0.18383838383838386,-0.17979797979797982,-0.17575757575757578,-0.1717171717171717,-0.1676767676767677,-0.16363636363636364,-0.15959595959595962,-0.15555555555555556,-0.15151515151515152,-0.14747474747474748,-0.14343434343434344,-0.1393939393939394,-0.13535353535353536,-0.13131313131313133,-0.1272727272727273,-0.12323232323232325,-0.11919191919191921,-0.11515151515151516,-0.11111111111111112,-0.10707070707070708,-0.10303030303030304,-0.098989898989899,-0.09494949494949496,-0.09090909090909093,-0.08686868686868687,-0.08282828282828283,-0.0787878787878788,-0.07474747474747476,-0.07070707070707072,-0.06666666666666668,-0.06262626262626264,-0.0585858585858586,-0.054545454545454564,-0.050505050505050525,-0.046464646464646486,-0.04242424242424245,-0.03838383838383841,-0.03434343434343434,-0.030303030303030304,-0.026262626262626265,-0.022222222222222227,-0.018181818181818188,-0.01414141414141415,-0.01010101010101011,-0.006060606060606072,-0.002020202020202033,0.0020202020202020055,0.006060606060606044,0.010101010101010083,0.014141414141414121,0.01818181818181816,0.0222222222222222,0.026262626262626265,0.030303030303030304,0.03434343434343434,0.03838383838383838,0.04242424242424242,0.04646464646464646,0.0505050505050505,0.05454545454545451,0.058585858585858575,0.06262626262626264,0.06666666666666665,0.07070707070707072,0.07474747474747473,0.0787878787878788,0.0828282828282828,0.08686868686868687,0.09090909090909088,0.09494949494949495,0.09898989898989896,0.10303030303030303,0.10707070707070704,0.1111111111111111,0.11515151515151512,0.11919191919191918,0.1232323232323232,0.12727272727272726,0.13131313131313133,0.13535353535353534,0.1393939393939394,0.14343434343434341,0.14747474747474748,0.1515151515151515,0.15555555555555556,0.15959595959595957,0.16363636363636364,0.16767676767676765,0.1717171717171717,0.17575757575757572,0.1797979797979798,0.1838383838383838,0.18787878787878787,0.19191919191919193,0.19595959595959594,0.2],\"y\":[-0.2,-0.19595959595959597,-0.19191919191919193,-0.1878787878787879,-0.18383838383838386,-0.17979797979797982,-0.17575757575757578,-0.1717171717171717,-0.1676767676767677,-0.16363636363636364,-0.15959595959595962,-0.15555555555555556,-0.15151515151515152,-0.14747474747474748,-0.14343434343434344,-0.1393939393939394,-0.13535353535353536,-0.13131313131313133,-0.1272727272727273,-0.12323232323232325,-0.11919191919191921,-0.11515151515151516,-0.11111111111111112,-0.10707070707070708,-0.10303030303030304,-0.098989898989899,-0.09494949494949496,-0.09090909090909093,-0.08686868686868687,-0.08282828282828283,-0.0787878787878788,-0.07474747474747476,-0.07070707070707072,-0.06666666666666668,-0.06262626262626264,-0.0585858585858586,-0.054545454545454564,-0.050505050505050525,-0.046464646464646486,-0.04242424242424245,-0.03838383838383841,-0.03434343434343434,-0.030303030303030304,-0.026262626262626265,-0.022222222222222227,-0.018181818181818188,-0.01414141414141415,-0.01010101010101011,-0.006060606060606072,-0.002020202020202033,0.0020202020202020055,0.006060606060606044,0.010101010101010083,0.014141414141414121,0.01818181818181816,0.0222222222222222,0.026262626262626265,0.030303030303030304,0.03434343434343434,0.03838383838383838,0.04242424242424242,0.04646464646464646,0.0505050505050505,0.05454545454545451,0.058585858585858575,0.06262626262626264,0.06666666666666665,0.07070707070707072,0.07474747474747473,0.0787878787878788,0.0828282828282828,0.08686868686868687,0.09090909090909088,0.09494949494949495,0.09898989898989896,0.10303030303030303,0.10707070707070704,0.1111111111111111,0.11515151515151512,0.11919191919191918,0.1232323232323232,0.12727272727272726,0.13131313131313133,0.13535353535353534,0.1393939393939394,0.14343434343434341,0.14747474747474748,0.1515151515151515,0.15555555555555556,0.15959595959595957,0.16363636363636364,0.16767676767676765,0.1717171717171717,0.17575757575757572,0.1797979797979798,0.1838383838383838,0.18787878787878787,0.19191919191919193,0.19595959595959594,0.2],\"z\":[[0.0,-0.0015998367513519046,-0.003167023773084379,-0.004701561065197431,-0.006203448627691052,-0.007672686460565251,-0.009109274563820019,-0.010513212937455371,-0.01188450158147128,-0.013223140495867775,-0.01452912968064483,-0.015802469135802476,-0.017043158861340686,-0.018251198857259468,-0.019426589123558827,-0.020569329660238757,-0.02167942046729926,-0.022756861544740336,-0.02380165289256199,-0.024813794510764212,-0.02579328639934701,-0.026740128558310382,-0.02765432098765433,-0.028535863687378843,-0.029384756657483933,-0.0302009998979696,-0.030984593408835838,-0.03173553719008265,-0.032453831241710036,-0.033139475563718,-0.03379247015610653,-0.03441281501887563,-0.03500051015202531,-0.03555555555555556,-0.03607795122946639,-0.03656769717375778,-0.03702479338842976,-0.0374492398734823,-0.03784103662891542,-0.03820018365472912,-0.03852668095092338,-0.038820528517498225,-0.03908172635445364,-0.03931027446178962,-0.03950617283950618,-0.039669421487603315,-0.03980002040608102,-0.0398979695949393,-0.03996326905417815,-0.03999591878379758,-0.03999591878379758,-0.03996326905417815,-0.0398979695949393,-0.03980002040608102,-0.039669421487603315,-0.03950617283950618,-0.03931027446178962,-0.03908172635445364,-0.038820528517498225,-0.03852668095092338,-0.03820018365472912,-0.03784103662891543,-0.03744923987348231,-0.03702479338842976,-0.03656769717375779,-0.03607795122946639,-0.03555555555555556,-0.03500051015202531,-0.03441281501887564,-0.03379247015610653,-0.033139475563718,-0.032453831241710036,-0.03173553719008266,-0.03098459340883584,-0.030200999897969608,-0.02938475665748394,-0.028535863687378853,-0.02765432098765433,-0.026740128558310393,-0.025793286399347016,-0.024813794510764223,-0.023801652892561996,-0.022756861544740336,-0.021679420467299267,-0.020569329660238757,-0.019426589123558834,-0.018251198857259468,-0.017043158861340696,-0.015802469135802476,-0.014529129680644848,-0.013223140495867775,-0.011884501581471297,-0.010513212937455371,-0.00910927456382004,-0.0076726864605652575,-0.006203448627691073,-0.004701561065197438,-0.003167023773084379,-0.0015998367513519185,0.0],[0.0015998367513519046,0.0,-0.0015671870217324746,-0.003101724313845526,-0.004603611876339148,-0.006072849709213346,-0.007509437812468114,-0.008913376186103467,-0.010284664830119375,-0.01162330374451587,-0.012929292929292926,-0.014202632384450572,-0.015443322109988781,-0.016651362105907563,-0.017826752372206923,-0.018969492908886852,-0.020079583715947355,-0.02115702479338843,-0.022201816141210085,-0.023213957759412308,-0.024193449647995104,-0.025140291806958478,-0.026054484236302425,-0.02693602693602694,-0.02778491990613203,-0.028601163146617696,-0.029384756657483933,-0.030135700438730744,-0.030853994490358132,-0.03153963881236609,-0.032192633404754624,-0.032812978267523725,-0.0334006734006734,-0.03395571880420366,-0.03447811447811448,-0.03496786042240588,-0.035424956637077856,-0.0358494031221304,-0.03624119987756352,-0.03660034690337721,-0.03692684419957148,-0.03722069176614632,-0.03748188960310173,-0.037710437710437715,-0.037906336088154274,-0.03806958473625141,-0.03820018365472912,-0.03829813284358739,-0.038363432302826246,-0.038396082032445676,-0.038396082032445676,-0.038363432302826246,-0.03829813284358739,-0.03820018365472912,-0.03806958473625141,-0.037906336088154274,-0.037710437710437715,-0.03748188960310173,-0.03722069176614632,-0.03692684419957148,-0.03660034690337721,-0.036241199877563524,-0.035849403122130405,-0.035424956637077856,-0.034967860422405884,-0.03447811447811448,-0.03395571880420366,-0.0334006734006734,-0.03281297826752373,-0.032192633404754624,-0.03153963881236609,-0.030853994490358132,-0.030135700438730754,-0.029384756657483937,-0.028601163146617703,-0.027784919906132036,-0.02693602693602695,-0.026054484236302425,-0.025140291806958488,-0.02419344964799511,-0.023213957759412318,-0.02220181614121009,-0.02115702479338843,-0.020079583715947362,-0.018969492908886852,-0.01782675237220693,-0.016651362105907563,-0.015443322109988791,-0.014202632384450572,-0.012929292929292943,-0.01162330374451587,-0.010284664830119392,-0.008913376186103467,-0.007509437812468135,-0.006072849709213353,-0.004603611876339168,-0.003101724313845533,-0.0015671870217324746,-1.3877787807814457e-17,0.0015998367513519046],[0.003167023773084379,0.0015671870217324746,0.0,-0.0015345372921130515,-0.003036424854606673,-0.004505662687480871,-0.00594225079073564,-0.007346189164370992,-0.0087174778083869,-0.010056116722783396,-0.011362105907560451,-0.012635445362718097,-0.013876135088256306,-0.015084175084175089,-0.016259565350474448,-0.017402305887154378,-0.01851239669421488,-0.019589837771655957,-0.02063462911947761,-0.021646770737679833,-0.02262626262626263,-0.023573104785226003,-0.02448729721456995,-0.025368839914294464,-0.026217732884399554,-0.02703397612488522,-0.02781756963575146,-0.02856851341699827,-0.029286807468625657,-0.029972451790633615,-0.030625446383022146,-0.03124579124579125,-0.03183348637894093,-0.03238853178247118,-0.03291092745638201,-0.0334006734006734,-0.03385776961534538,-0.03428221610039792,-0.03467401285583104,-0.03503315988164474,-0.035359657177839,-0.035653504744413846,-0.03591470258136926,-0.03614325068870524,-0.0363391490664218,-0.036502397714518936,-0.03663299663299664,-0.03673094582185492,-0.03679624528109377,-0.0368288950107132,-0.0368288950107132,-0.03679624528109377,-0.03673094582185492,-0.03663299663299664,-0.036502397714518936,-0.0363391490664218,-0.03614325068870524,-0.03591470258136926,-0.035653504744413846,-0.035359657177839,-0.03503315988164474,-0.03467401285583105,-0.03428221610039793,-0.03385776961534538,-0.03340067340067341,-0.03291092745638201,-0.03238853178247118,-0.03183348637894093,-0.031245791245791257,-0.030625446383022146,-0.029972451790633618,-0.029286807468625657,-0.02856851341699828,-0.027817569635751462,-0.02703397612488523,-0.02621773288439956,-0.025368839914294474,-0.02448729721456995,-0.023573104785226014,-0.022626262626262637,-0.021646770737679843,-0.020634629119477617,-0.019589837771655957,-0.018512396694214887,-0.017402305887154378,-0.016259565350474455,-0.015084175084175089,-0.013876135088256317,-0.012635445362718097,-0.011362105907560469,-0.010056116722783396,-0.008717477808386918,-0.007346189164370992,-0.005942250790735661,-0.004505662687480878,-0.003036424854606694,-0.0015345372921130584,0.0,0.0015671870217324607,0.003167023773084379],[0.004701561065197431,0.003101724313845526,0.0015345372921130515,0.0,-0.0015018875624936215,-0.00297112539536782,-0.004407713498622588,-0.0058116518722579405,-0.007182940516273849,-0.008521579430670344,-0.0098275686154474,-0.011100908070605046,-0.012341597796143255,-0.013549637792062037,-0.014725028058361397,-0.015867768595041326,-0.01697785940210183,-0.018055300479542905,-0.01910009182736456,-0.02011223344556678,-0.021091725334149578,-0.022038567493112952,-0.0229527599224569,-0.023834302622181412,-0.024683195592286503,-0.02549943883277217,-0.026283032343638407,-0.027033976124885218,-0.027752270176512606,-0.028437914498520563,-0.029090909090909094,-0.0297112539536782,-0.030298949086827877,-0.030853994490358132,-0.03137639016426896,-0.03186613610856036,-0.03232323232323233,-0.03274767880828487,-0.03313947556371799,-0.033498622589531686,-0.03382511988572595,-0.034118967452300794,-0.034380165289256207,-0.03460871339659219,-0.03480461177430875,-0.034967860422405884,-0.03509845934088359,-0.03519640852974187,-0.03526170798898072,-0.03529435771860015,-0.03529435771860015,-0.03526170798898072,-0.03519640852974187,-0.03509845934088359,-0.034967860422405884,-0.03480461177430875,-0.03460871339659219,-0.034380165289256207,-0.034118967452300794,-0.03382511988572595,-0.033498622589531686,-0.033139475563718,-0.03274767880828488,-0.03232323232323233,-0.03186613610856036,-0.03137639016426896,-0.030853994490358135,-0.030298949086827877,-0.029711253953678206,-0.029090909090909094,-0.028437914498520567,-0.027752270176512606,-0.02703397612488523,-0.02628303234363841,-0.025499438832772177,-0.02468319559228651,-0.023834302622181423,-0.0229527599224569,-0.022038567493112962,-0.021091725334149585,-0.020112233445566792,-0.019100091827364565,-0.018055300479542905,-0.016977859402101836,-0.015867768595041326,-0.014725028058361404,-0.013549637792062037,-0.012341597796143265,-0.011100908070605046,-0.009827568615447417,-0.008521579430670344,-0.007182940516273866,-0.0058116518722579405,-0.004407713498622609,-0.002971125395367827,-0.0015018875624936423,-6.938893903907228e-18,0.0015345372921130515,0.0031017243138455122,0.004701561065197431],[0.006203448627691052,0.004603611876339148,0.003036424854606673,0.0015018875624936215,0.0,-0.0014692378328741984,-0.0029058259361289668,-0.004309764309764319,-0.005681052953780227,-0.007019691868176723,-0.008325681052953778,-0.009599020508111424,-0.010839710233649633,-0.012047750229568416,-0.013223140495867775,-0.014365881032547705,-0.015475971839608207,-0.016553412917049284,-0.017598204264870937,-0.01861034588307316,-0.019589837771655957,-0.02053667993061933,-0.021450872359963277,-0.02233241505968779,-0.02318130802979288,-0.02399755127027855,-0.024781144781144786,-0.025532088562391596,-0.026250382614018984,-0.026936026936026942,-0.027589021528415473,-0.028209366391184577,-0.028797061524334255,-0.02935210692786451,-0.029874502601775335,-0.030364248546066733,-0.030821344760738705,-0.03124579124579125,-0.03163758800122437,-0.031996735027038065,-0.03232323232323233,-0.03261707988980717,-0.032878277726762585,-0.03310682583409857,-0.03330272421181513,-0.03346597285991226,-0.03359657177838997,-0.033694520967248245,-0.0337598204264871,-0.03379247015610653,-0.03379247015610653,-0.0337598204264871,-0.033694520967248245,-0.03359657177838997,-0.03346597285991226,-0.03330272421181513,-0.03310682583409857,-0.032878277726762585,-0.03261707988980717,-0.03232323232323233,-0.031996735027038065,-0.031637588001224376,-0.031245791245791254,-0.030821344760738712,-0.030364248546066737,-0.029874502601775335,-0.029352106927864514,-0.028797061524334255,-0.028209366391184584,-0.027589021528415473,-0.026936026936026945,-0.026250382614018984,-0.025532088562391607,-0.02478114478114479,-0.023997551270278555,-0.023181308029792888,-0.0223324150596878,-0.021450872359963277,-0.02053667993061934,-0.019589837771655964,-0.01861034588307317,-0.017598204264870944,-0.016553412917049284,-0.015475971839608214,-0.014365881032547705,-0.013223140495867782,-0.012047750229568416,-0.010839710233649644,-0.009599020508111424,-0.008325681052953796,-0.007019691868176723,-0.005681052953780245,-0.004309764309764319,-0.0029058259361289876,-0.0014692378328742053,-2.0816681711721685e-17,0.0015018875624936145,0.003036424854606673,0.004603611876339134,0.006203448627691052],[0.007672686460565251,0.006072849709213346,0.004505662687480871,0.00297112539536782,0.0014692378328741984,0.0,-0.0014365881032547684,-0.0028405264768901206,-0.004211815120906029,-0.005550454035302525,-0.00685644322007958,-0.008129782675237226,-0.009370472400775435,-0.010578512396694217,-0.011753902662993577,-0.012896643199673506,-0.014006734006734009,-0.015084175084175085,-0.01612896643199674,-0.01714110805019896,-0.01812059993878176,-0.019067442097745132,-0.01998163452708908,-0.020863177226813592,-0.021712070196918683,-0.02252831343740435,-0.023311906948270587,-0.024062850729517398,-0.024781144781144786,-0.025466789103152743,-0.026119783695541274,-0.02674012855831038,-0.027327823691460057,-0.027882869094990312,-0.028405264768901137,-0.028895010713192535,-0.029352106927864507,-0.029776553412917052,-0.03016835016835017,-0.030527497194163866,-0.030853994490358132,-0.03114784205693297,-0.03140903989388839,-0.03163758800122437,-0.03183348637894093,-0.031996735027038065,-0.03212733394551577,-0.03222528313437405,-0.0322905825936129,-0.03232323232323233,-0.03232323232323233,-0.0322905825936129,-0.03222528313437405,-0.03212733394551577,-0.031996735027038065,-0.03183348637894093,-0.03163758800122437,-0.03140903989388839,-0.03114784205693297,-0.030853994490358132,-0.030527497194163866,-0.030168350168350174,-0.029776553412917055,-0.029352106927864514,-0.02889501071319254,-0.028405264768901137,-0.027882869094990315,-0.027327823691460057,-0.026740128558310386,-0.026119783695541274,-0.025466789103152747,-0.024781144781144786,-0.02406285072951741,-0.02331190694827059,-0.022528313437404357,-0.02171207019691869,-0.020863177226813603,-0.01998163452708908,-0.019067442097745142,-0.018120599938781765,-0.017141108050198972,-0.016128966431996745,-0.015084175084175085,-0.014006734006734016,-0.012896643199673506,-0.011753902662993584,-0.010578512396694217,-0.009370472400775445,-0.008129782675237226,-0.006856443220079597,-0.005550454035302525,-0.004211815120906046,-0.0028405264768901206,-0.0014365881032547892,-6.938893903907228e-18,0.0014692378328741776,0.002971125395367813,0.004505662687480871,0.006072849709213332,0.007672686460565251],[0.009109274563820019,0.007509437812468114,0.00594225079073564,0.004407713498622588,0.0029058259361289668,0.0014365881032547684,0.0,-0.0014039383736353522,-0.0027752270176512606,-0.004113865932047756,-0.0054198551168248114,-0.0066931945719824575,-0.007933884297520667,-0.009141924293439449,-0.010317314559738808,-0.011460055096418738,-0.01257014590347924,-0.013647586980920317,-0.01469237832874197,-0.015704519946944193,-0.01668401183552699,-0.017630853994490363,-0.01854504642383431,-0.019426589123558824,-0.020275482093663914,-0.02109172533414958,-0.02187531884501582,-0.02262626262626263,-0.023344556677890017,-0.024030200999897975,-0.024683195592286506,-0.02530354045505561,-0.02589123558820529,-0.026446280991735543,-0.02696867666564637,-0.027458422609937767,-0.02791551882460974,-0.028339965309662284,-0.028731762065095402,-0.029090909090909098,-0.029417406387103363,-0.029711253953678202,-0.029972451790633615,-0.0302009998979696,-0.03039689827568616,-0.030560146923783293,-0.030690745842261002,-0.030788695031119282,-0.030853994490358135,-0.030886644219977562,-0.030886644219977562,-0.030853994490358135,-0.030788695031119282,-0.030690745842261002,-0.030560146923783296,-0.030396898275686163,-0.0302009998979696,-0.029972451790633615,-0.029711253953678202,-0.029417406387103363,-0.029090909090909098,-0.028731762065095406,-0.028339965309662287,-0.027915518824609745,-0.02745842260993777,-0.02696867666564637,-0.026446280991735547,-0.02589123558820529,-0.025303540455055618,-0.024683195592286506,-0.02403020099989798,-0.023344556677890017,-0.02262626262626264,-0.021875318845015822,-0.02109172533414959,-0.02027548209366392,-0.019426589123558834,-0.01854504642383431,-0.017630853994490374,-0.016684011835526997,-0.015704519946944204,-0.014692378328741977,-0.013647586980920317,-0.012570145903479248,-0.011460055096418738,-0.010317314559738815,-0.009141924293439449,-0.007933884297520677,-0.0066931945719824575,-0.005419855116824829,-0.004113865932047756,-0.002775227017651278,-0.0014039383736353522,-2.0816681711721685e-17,0.0014365881032547614,0.002905825936128946,0.004407713498622581,0.00594225079073564,0.0075094378124681005,0.009109274563820019],[0.010513212937455371,0.008913376186103467,0.007346189164370992,0.0058116518722579405,0.004309764309764319,0.0028405264768901206,0.0014039383736353522,0.0,-0.0013712886440159083,-0.002709927558412404,-0.004015916743189459,-0.005289256198347105,-0.006529945923885314,-0.007737985919804097,-0.008913376186103456,-0.010056116722783386,-0.011166207529843888,-0.012243648607284965,-0.013288439955106618,-0.014300581573308841,-0.015280073461891638,-0.01622691562085501,-0.017141108050198958,-0.01802265074992347,-0.018871543720028562,-0.01968778696051423,-0.020471380471380467,-0.021222324252627277,-0.021940618304254665,-0.022626262626262623,-0.023279257218651154,-0.02389960208142026,-0.024487297214569936,-0.02504234261810019,-0.025564738292011016,-0.026054484236302414,-0.026511580450974386,-0.02693602693602693,-0.02732782369146005,-0.027686970717273746,-0.02801346801346801,-0.02830731558004285,-0.028568513416998263,-0.02879706152433425,-0.028992959902050808,-0.02915620855014794,-0.02928680746862565,-0.02938475665748393,-0.029450056116722783,-0.02948270584634221,-0.02948270584634221,-0.029450056116722783,-0.02938475665748393,-0.02928680746862565,-0.029156208550147944,-0.02899295990205081,-0.02879706152433425,-0.028568513416998263,-0.02830731558004285,-0.02801346801346801,-0.027686970717273746,-0.027327823691460053,-0.026936026936026935,-0.026511580450974393,-0.026054484236302418,-0.025564738292011016,-0.025042342618100195,-0.024487297214569936,-0.023899602081420265,-0.023279257218651154,-0.022626262626262626,-0.021940618304254665,-0.021222324252627288,-0.02047138047138047,-0.019687786960514236,-0.01887154372002857,-0.018022650749923482,-0.017141108050198958,-0.01622691562085502,-0.015280073461891645,-0.014300581573308853,-0.013288439955106625,-0.012243648607284965,-0.011166207529843895,-0.010056116722783386,-0.008913376186103463,-0.007737985919804097,-0.006529945923885325,-0.005289256198347105,-0.0040159167431894766,-0.002709927558412404,-0.0013712886440159257,0.0,0.0014039383736353314,0.0028405264768901137,0.004309764309764298,0.0058116518722579336,0.007346189164370992,0.008913376186103453,0.010513212937455371],[0.01188450158147128,0.010284664830119375,0.0087174778083869,0.007182940516273849,0.005681052953780227,0.004211815120906029,0.0027752270176512606,0.0013712886440159083,0.0,-0.0013386389143964957,-0.002644628099173551,-0.003917967554331197,-0.005158657279869406,-0.0063666972757881884,-0.007542087542087548,-0.008684828078767477,-0.00979491888582798,-0.010872359963269056,-0.01191715131109071,-0.012929292929292933,-0.01390878481787573,-0.014855626976839103,-0.01576981940618305,-0.016651362105907563,-0.017500255076012654,-0.01831649831649832,-0.01910009182736456,-0.01985103560861137,-0.020569329660238757,-0.021254973982246714,-0.021907968574635246,-0.02252831343740435,-0.023116008570554028,-0.023671053974084283,-0.024193449647995108,-0.024683195592286506,-0.025140291806958478,-0.025564738292011023,-0.02595653504744414,-0.026315682073257837,-0.026642179369452103,-0.026936026936026942,-0.027197224772982354,-0.02742577288031834,-0.0276216712580349,-0.027784919906132032,-0.027915518824609742,-0.02801346801346802,-0.028078767472706875,-0.0281114172023263,-0.0281114172023263,-0.028078767472706875,-0.02801346801346802,-0.027915518824609742,-0.027784919906132036,-0.027621671258034903,-0.02742577288031834,-0.027197224772982354,-0.026936026936026942,-0.026642179369452103,-0.026315682073257837,-0.025956535047444145,-0.025564738292011027,-0.025140291806958485,-0.02468319559228651,-0.024193449647995108,-0.023671053974084286,-0.023116008570554028,-0.022528313437404357,-0.021907968574635246,-0.021254973982246718,-0.020569329660238757,-0.01985103560861138,-0.019100091827364562,-0.018316498316498328,-0.01750025507601266,-0.016651362105907574,-0.01576981940618305,-0.014855626976839113,-0.013908784817875736,-0.012929292929292945,-0.011917151311090717,-0.010872359963269056,-0.009794918885827987,-0.008684828078767477,-0.007542087542087555,-0.0063666972757881884,-0.005158657279869416,-0.003917967554331197,-0.0026446280991735682,-0.0013386389143964957,-1.734723475976807e-17,0.0013712886440159083,0.0027752270176512397,0.004211815120906022,0.0056810529537802065,0.007182940516273842,0.0087174778083869,0.010284664830119361,0.01188450158147128],[0.013223140495867775,0.01162330374451587,0.010056116722783396,0.008521579430670344,0.007019691868176723,0.005550454035302525,0.004113865932047756,0.002709927558412404,0.0013386389143964957,0.0,-0.0013059891847770552,-0.0025793286399347012,-0.0038200183654729103,-0.005028058361391693,-0.006203448627691052,-0.007346189164370982,-0.008456279971431484,-0.00953372104887256,-0.010578512396694214,-0.011590654014896437,-0.012570145903479234,-0.013516988062442607,-0.014431180491786553,-0.01531272319151107,-0.01616161616161616,-0.016977859402101825,-0.017761452912968063,-0.018512396694214873,-0.01923069074584226,-0.01991633506785022,-0.02056932966023875,-0.021189674523007858,-0.021777369656157536,-0.022332415059687787,-0.022854810733598612,-0.02334455667789001,-0.023801652892561982,-0.024226099377614527,-0.024617896133047646,-0.024977043158861338,-0.025303540455055607,-0.025597388021630446,-0.02585858585858586,-0.026087133965921844,-0.026283032343638404,-0.026446280991735537,-0.026576879910213243,-0.026674829099071526,-0.02674012855831038,-0.026772778287929806,-0.026772778287929806,-0.02674012855831038,-0.026674829099071526,-0.026576879910213246,-0.02644628099173554,-0.026283032343638407,-0.026087133965921844,-0.02585858585858586,-0.025597388021630446,-0.025303540455055607,-0.02497704315886134,-0.02461789613304765,-0.02422609937761453,-0.02380165289256199,-0.023344556677890014,-0.022854810733598612,-0.02233241505968779,-0.021777369656157536,-0.02118967452300786,-0.02056932966023875,-0.019916335067850226,-0.01923069074584226,-0.01851239669421488,-0.017761452912968066,-0.016977859402101832,-0.01616161616161616,-0.015312723191511078,-0.014431180491786554,-0.013516988062442618,-0.01257014590347924,-0.01159065401489645,-0.01057851239669422,-0.00953372104887256,-0.008456279971431491,-0.007346189164370982,-0.006203448627691059,-0.005028058361391693,-0.0038200183654729207,-0.0025793286399347012,-0.0013059891847770726,0.0,0.0013386389143964783,0.002709927558412404,0.004113865932047735,0.005550454035302518,0.007019691868176702,0.008521579430670338,0.010056116722783396,0.011623303744515857,0.013223140495867775],[0.01452912968064483,0.012929292929292926,0.011362105907560451,0.0098275686154474,0.008325681052953778,0.00685644322007958,0.0054198551168248114,0.004015916743189459,0.002644628099173551,0.0013059891847770552,0.0,-0.001273339455157646,-0.002514029180695855,-0.0037220691766146376,-0.004897459442913997,-0.006040199979593926,-0.007150290786654429,-0.008227731864095505,-0.009272523211917159,-0.010284664830119382,-0.011264156718702178,-0.012210998877665552,-0.013125191307009497,-0.014006734006734014,-0.014855626976839105,-0.01567187021732477,-0.016455463728191008,-0.01720640750943782,-0.017924701561065206,-0.018610345883073164,-0.019263340475461695,-0.019883685338230803,-0.02047138047138048,-0.021026425874910732,-0.021548821548821557,-0.022038567493112955,-0.022495663707784927,-0.022920110192837472,-0.02331190694827059,-0.023671053974084283,-0.023997551270278552,-0.02429139883685339,-0.024552596673808803,-0.02478114478114479,-0.02497704315886135,-0.02514029180695848,-0.025270890725436188,-0.02536883991429447,-0.025434139373533324,-0.02546678910315275,-0.02546678910315275,-0.025434139373533324,-0.02536883991429447,-0.02527089072543619,-0.025140291806958485,-0.024977043158861352,-0.02478114478114479,-0.024552596673808803,-0.02429139883685339,-0.023997551270278552,-0.023671053974084286,-0.023311906948270594,-0.022920110192837476,-0.022495663707784934,-0.02203856749311296,-0.021548821548821557,-0.021026425874910736,-0.02047138047138048,-0.019883685338230806,-0.019263340475461695,-0.01861034588307317,-0.017924701561065206,-0.017206407509437825,-0.01645546372819101,-0.015671870217324777,-0.014855626976839108,-0.014006734006734023,-0.013125191307009499,-0.012210998877665562,-0.011264156718702185,-0.010284664830119394,-0.009272523211917166,-0.008227731864095505,-0.007150290786654436,-0.006040199979593926,-0.004897459442914004,-0.0037220691766146376,-0.0025140291806958655,-0.001273339455157646,-1.734723475976807e-17,0.0013059891847770552,0.0026446280991735335,0.004015916743189459,0.005419855116824791,0.006856443220079573,0.008325681052953757,0.009827568615447393,0.011362105907560451,0.012929292929292912,0.01452912968064483],[0.015802469135802476,0.014202632384450572,0.012635445362718097,0.011100908070605046,0.009599020508111424,0.008129782675237226,0.0066931945719824575,0.005289256198347105,0.003917967554331197,0.0025793286399347012,0.001273339455157646,0.0,-0.001240689725538209,-0.0024487297214569916,-0.003624119987756351,-0.00476686052443628,-0.005876951331496783,-0.0069543924089378595,-0.007999183756759513,-0.009011325374961736,-0.009990817263544532,-0.010937659422507906,-0.011851851851851851,-0.012733394551576368,-0.013582287521681459,-0.014398530762167124,-0.015182124273033362,-0.015933068054280172,-0.01665136210590756,-0.017337006427915518,-0.01799000102030405,-0.018610345883073157,-0.019198041016222835,-0.019753086419753086,-0.02027548209366391,-0.02076522803795531,-0.02122232425262728,-0.021646770737679826,-0.022038567493112945,-0.022397714518926637,-0.022724211815120906,-0.023018059381695745,-0.023279257218651157,-0.023507805325987143,-0.023703703703703703,-0.023866952351800835,-0.02399755127027854,-0.024095500459136825,-0.024160799918375678,-0.024193449647995104,-0.024193449647995104,-0.024160799918375678,-0.024095500459136825,-0.023997551270278545,-0.02386695235180084,-0.023703703703703706,-0.023507805325987143,-0.023279257218651157,-0.023018059381695745,-0.022724211815120906,-0.02239771451892664,-0.02203856749311295,-0.02164677073767983,-0.021222324252627288,-0.020765228037955313,-0.02027548209366391,-0.01975308641975309,-0.019198041016222835,-0.01861034588307316,-0.01799000102030405,-0.017337006427915524,-0.01665136210590756,-0.01593306805428018,-0.015182124273033365,-0.014398530762167131,-0.013582287521681462,-0.012733394551576377,-0.011851851851851853,-0.010937659422507916,-0.00999081726354454,-0.009011325374961748,-0.00799918375675952,-0.0069543924089378595,-0.00587695133149679,-0.00476686052443628,-0.003624119987756358,-0.0024487297214569916,-0.0012406897255382195,0.0,0.0012733394551576287,0.0025793286399347012,0.0039179675543311795,0.005289256198347105,0.006693194571982437,0.008129782675237219,0.009599020508111403,0.011100908070605039,0.012635445362718097,0.014202632384450558,0.015802469135802476],[0.017043158861340686,0.015443322109988781,0.013876135088256306,0.012341597796143255,0.010839710233649633,0.009370472400775435,0.007933884297520667,0.006529945923885314,0.005158657279869406,0.0038200183654729103,0.002514029180695855,0.001240689725538209,0.0,-0.0012080399959187825,-0.002383430262218142,-0.0035261707988980713,-0.004636261605958574,-0.00571370268339965,-0.006758494031221304,-0.007770635649423527,-0.008750127538006323,-0.009696969696969697,-0.010611162126313642,-0.01149270482603816,-0.01234159779614325,-0.013157841036628915,-0.013941434547495152,-0.014692378328741963,-0.01541067238036935,-0.01609631670237731,-0.01674931129476584,-0.017369656157534948,-0.017957351290684626,-0.018512396694214877,-0.019034792368125702,-0.0195245383124171,-0.019981634527089072,-0.020406081012141617,-0.020797877767574736,-0.021157024793388428,-0.021483522089582697,-0.021777369656157536,-0.02203856749311295,-0.022267115600448934,-0.022463013978165493,-0.022626262626262626,-0.022756861544740332,-0.022854810733598616,-0.02292011019283747,-0.022952759922456895,-0.022952759922456895,-0.02292011019283747,-0.022854810733598616,-0.022756861544740336,-0.02262626262626263,-0.022463013978165497,-0.022267115600448934,-0.02203856749311295,-0.021777369656157536,-0.021483522089582697,-0.02115702479338843,-0.02079787776757474,-0.02040608101214162,-0.01998163452708908,-0.019524538312417104,-0.019034792368125702,-0.01851239669421488,-0.017957351290684626,-0.01736965615753495,-0.01674931129476584,-0.016096316702377315,-0.01541067238036935,-0.014692378328741972,-0.013941434547495156,-0.013157841036628922,-0.012341597796143253,-0.011492704826038168,-0.010611162126313644,-0.009696969696969707,-0.00875012753800633,-0.007770635649423539,-0.0067584940312213106,-0.00571370268339965,-0.004636261605958581,-0.0035261707988980713,-0.002383430262218149,-0.0012080399959187825,-1.0408340855860843e-17,0.001240689725538209,0.0025140291806958377,0.0038200183654729103,0.005158657279869389,0.006529945923885314,0.007933884297520646,0.009370472400775428,0.010839710233649612,0.012341597796143248,0.013876135088256306,0.015443322109988767,0.017043158861340686],[0.018251198857259468,0.016651362105907563,0.015084175084175089,0.013549637792062037,0.012047750229568416,0.010578512396694217,0.009141924293439449,0.007737985919804097,0.0063666972757881884,0.005028058361391693,0.0037220691766146376,0.0024487297214569916,0.0012080399959187825,0.0,-0.0011753902662993594,-0.002318130802979289,-0.0034282216100397916,-0.004505662687480868,-0.005550454035302521,-0.006562595653504744,-0.007542087542087541,-0.008488929701050914,-0.00940312213039486,-0.010284664830119377,-0.011133557800224467,-0.011949801040710133,-0.01273339455157637,-0.01348433833282318,-0.014202632384450568,-0.014888276706458526,-0.015541271298847057,-0.01616161616161616,-0.01674931129476584,-0.017304356698296094,-0.01782675237220692,-0.018316498316498318,-0.01877359453117029,-0.019198041016222835,-0.019589837771655953,-0.01994898479746965,-0.020275482093663914,-0.020569329660238753,-0.020830527497194166,-0.02105907560453015,-0.02125497398224671,-0.021418222630343844,-0.021548821548821553,-0.021646770737679833,-0.021712070196918686,-0.021744719926538113,-0.021744719926538113,-0.021712070196918686,-0.021646770737679833,-0.021548821548821553,-0.021418222630343847,-0.021254973982246714,-0.02105907560453015,-0.020830527497194166,-0.020569329660238753,-0.020275482093663914,-0.01994898479746965,-0.019589837771655957,-0.019198041016222838,-0.018773594531170296,-0.01831649831649832,-0.01782675237220692,-0.017304356698296098,-0.01674931129476584,-0.01616161616161617,-0.015541271298847057,-0.014888276706458531,-0.014202632384450568,-0.01348433833282319,-0.012733394551576373,-0.01194980104071014,-0.01113355780022447,-0.010284664830119385,-0.009403122130394861,-0.008488929701050925,-0.007542087542087548,-0.0065625956535047564,-0.005550454035302528,-0.004505662687480868,-0.0034282216100397986,-0.002318130802979289,-0.0011753902662993664,0.0,0.001208039995918772,0.0024487297214569916,0.0037220691766146202,0.005028058361391693,0.006366697275788171,0.007737985919804097,0.009141924293439428,0.01057851239669421,0.012047750229568395,0.01354963779206203,0.015084175084175089,0.01665136210590755,0.018251198857259468],[0.019426589123558827,0.017826752372206923,0.016259565350474448,0.014725028058361397,0.013223140495867775,0.011753902662993577,0.010317314559738808,0.008913376186103456,0.007542087542087548,0.006203448627691052,0.004897459442913997,0.003624119987756351,0.002383430262218142,0.0011753902662993594,0.0,-0.0011427405366799294,-0.0022528313437404322,-0.0033302724211815085,-0.004375063769003162,-0.005387205387205385,-0.0063666972757881815,-0.007313539434751555,-0.0082277318640955,-0.009109274563820017,-0.009958167533925108,-0.010774410774410773,-0.01155800428527701,-0.012308948066523821,-0.013027242118151209,-0.013712886440159167,-0.014365881032547698,-0.014986225895316804,-0.015573921028466482,-0.016128966431996735,-0.01665136210590756,-0.017141108050198958,-0.01759820426487093,-0.018022650749923475,-0.018414447505356594,-0.018773594531170286,-0.019100091827364555,-0.019393939393939394,-0.019655137230894806,-0.019883685338230792,-0.02007958371594735,-0.020242832364044484,-0.02037343128252219,-0.020471380471380474,-0.020536679930619327,-0.020569329660238753,-0.020569329660238753,-0.020536679930619327,-0.020471380471380474,-0.020373431282522194,-0.020242832364044488,-0.020079583715947355,-0.019883685338230792,-0.019655137230894806,-0.019393939393939394,-0.019100091827364555,-0.01877359453117029,-0.018414447505356597,-0.01802265074992348,-0.017598204264870937,-0.01714110805019896,-0.01665136210590756,-0.01612896643199674,-0.015573921028466482,-0.014986225895316809,-0.014365881032547698,-0.013712886440159172,-0.013027242118151209,-0.01230894806652383,-0.011558004285277014,-0.01077441077441078,-0.009958167533925111,-0.009109274563820026,-0.008227731864095502,-0.0073135394347515655,-0.0063666972757881884,-0.005387205387205397,-0.004375063769003169,-0.0033302724211815085,-0.002252831343740439,-0.0011427405366799294,-6.938893903907228e-18,0.0011753902662993594,0.0023834302622181315,0.003624119987756351,0.00489745944291398,0.006203448627691052,0.0075420875420875305,0.008913376186103456,0.010317314559738788,0.01175390266299357,0.013223140495867754,0.01472502805836139,0.016259565350474448,0.01782675237220691,0.019426589123558827],[0.020569329660238757,0.018969492908886852,0.017402305887154378,0.015867768595041326,0.014365881032547705,0.012896643199673506,0.011460055096418738,0.010056116722783386,0.008684828078767477,0.007346189164370982,0.006040199979593926,0.00476686052443628,0.0035261707988980713,0.002318130802979289,0.0011427405366799294,0.0,-0.0011100908070605028,-0.002187531884501579,-0.0032323232323232323,-0.0042444648505254555,-0.005223956739108252,-0.006170798898071626,-0.007084991327415571,-0.007966534027140088,-0.008815426997245178,-0.009631670237730844,-0.010415263748597081,-0.011166207529843892,-0.01188450158147128,-0.012570145903479237,-0.013223140495867768,-0.013843485358636875,-0.014431180491786553,-0.014986225895316806,-0.01550862156922763,-0.01599836751351903,-0.016455463728191,-0.016879910213243546,-0.017271706968676664,-0.01763085399449036,-0.017957351290684626,-0.018251198857259465,-0.018512396694214877,-0.018740944801550863,-0.018936843179267422,-0.019100091827364555,-0.019230690745842265,-0.019328639934700544,-0.019393939393939397,-0.019426589123558824,-0.019426589123558824,-0.019393939393939397,-0.019328639934700544,-0.019230690745842265,-0.01910009182736456,-0.018936843179267426,-0.018740944801550863,-0.018512396694214877,-0.018251198857259465,-0.017957351290684626,-0.01763085399449036,-0.017271706968676668,-0.016879